      3.99023836      1.60119895
      2.26729883      2.05194622
      3.86366150      2.33165167
      2.99171074      1.87725870
      1.46956359      2.36776774
      1.92254760      2.12466227
      0.29501705      2.05231366
      0.02142092      1.71161035
      1.38832515      2.32271971
      1.36897526      1.86360194
      0.87180691      1.73052220
      0.53264164      1.82911436
      3.60209806      2.18009266
      1.54706404      1.92904505
      1.78192916      1.95230485
      2.64772872      2.42760846
      0.06443320      1.94623119
      2.60341934      2.16724915
      2.58563530      2.28085370
      1.29194916      2.29082711
      3.42276961      1.69774020
      1.60514768      1.75637941
      0.82749732      2.17680447
      3.87415786      2.39853090
      2.39359814      1.87501404
      2.69192293      1.52003663
      1.82752924      1.90200226
      1.32006049      2.49096251
      0.40153171      2.47474951
      3.02181322      2.47027796
      2.42277307      2.46883717
      2.87619165      1.87472696
      3.58933842      1.59728403
      2.63291648      2.25072346
      0.60286735      2.32451000
      2.44925962      2.22444488
      3.91464095      1.86705233
      3.99656908      2.12205207
      1.02719194      1.80632266
      2.20346161      1.80127693
      2.63619007      2.17638210
      2.21602054      2.33006404
      3.91104039      2.05632375
      3.60769322      2.05944491
      2.63169874      1.82780385
      2.91543403      2.23070414
      1.60982106      1.65825298
      3.71451065      2.03287519
      0.59134076      2.28419441
      2.69811720      1.71578184
      3.07845724      1.82531341
      1.35729021      2.00145026
      0.46327542      1.72291789
      2.45747674      1.96649859
      3.28246856      1.68679879
      3.78837862      1.69510917
      2.92451461      1.70691852
      1.99041563      2.40580585
      1.49920696      2.29991886
      1.68602342      2.23494840
      2.21161215      1.91534807
      3.99167712      2.31098793
      3.96157899      2.48837415
      2.98523862      1.99112026
      3.81503625      1.71931664
      0.37309876      2.26188202
      2.93609475      2.40730872
      3.00704646      2.08963836
      3.78739402      2.37061989
      2.82470545      1.53860710
      3.25523867      2.43803365
      2.23437808      1.54690283
      0.24682231      2.39708206
      1.92152312      1.51974579
      2.39075909      2.49924423
      0.55012768      2.48019679
      2.34958080      2.11166179
      2.07987305      2.08756760
      3.54351338      2.46225376
      1.21524069      2.39342004
      2.67862922      1.70221827
      2.65976037      1.51273317
      2.01470760      1.75499049
      1.04630048      2.39042808
      0.30623801      1.76957489
      0.40499865      2.38901968
      2.19706296      2.01914392
      1.50233979      1.86720618
      0.06059801      2.48382415
      3.17166178      2.37695145
      2.48351018      2.18144675
      3.09441431      1.86246190
      3.81432304      1.69819086
      0.45697749      1.68722784
      1.27385057      2.48765544
      2.38727938      1.68265836
      0.19261161      1.51183270
      0.45682311      2.44371753
      0.86385968      1.99193208
      0.40229357      2.48052917
      5.73341802      9.22656843
      7.46861740      8.72537416
      9.43384267      9.06475615
      7.08367573      8.29158760
     10.66998343      8.26566015
      5.24312400      8.76236702
      9.20290577      9.40068270
      8.97853024      9.09946163
     14.76585425      9.65114265
     11.92605033      9.07467876
      5.04943367      9.32466550
      6.29921032      8.10633828
      5.46777260      8.34292984
     13.39777741      9.23731859
     11.78488822      9.51746543
     10.81950817      9.82011725
     12.33525919      9.42800017
      6.16042745      9.48002399
     13.40299655      8.71340500
     13.34995974      9.64372243
     12.46536396      9.10411127
     13.43200893      9.30160543
     10.28839001      8.37513289
     11.65484666      9.63661848
     12.30736569      8.04479325
      9.10604264      9.31435803
      8.55721596      8.23928313
     12.35377042      8.77070256
      9.71317665      8.48529000
      9.62625434      9.93068952
     12.59691707      8.97058127
     12.02459419      9.98469932
      7.57965808      8.56256238
     14.37705033      9.95686003
      9.56103584      9.90573800
     13.08489297      8.48621600
     14.08848053      8.83324177
     11.94876663      9.47156137
      7.19488506      8.39056633
     13.54954556      9.27868154
     12.44396690      9.25936080
      8.01113061      8.20573887
     11.71968545      8.27749052
     11.18714036      8.90984262
     14.67573611      9.96873433
     14.90239303      8.84983057
      8.38006517      9.40960872
     14.20767248      8.73079978
      8.39073340      8.40075306
     14.30943530      8.81918250
     10.46528551      8.47844668
      9.65512589      9.41000892
      6.76914096      8.15816173
      8.77994098      8.40763550
      6.75220623      8.03470336
      8.56858268      8.66862006
     11.65676425      8.56971458
     11.18549268      9.69082769
      9.68947244      8.98886807
      8.16251861      9.42021669
      7.68879909      8.50929544
      6.99921244      9.64544707
      9.15427976      8.56322936
     14.79302913      9.24959911
     10.43211589      9.49161381
      6.29518275      9.74786917
     13.04741664      8.25578746
     13.45821024      8.55836671
     12.09032837      9.84695243
     10.28973260      9.97260252
     11.63840868      9.57858277
     14.00739258      8.69585337
     14.41164267      9.52864949
      6.14420263      8.38618291
     13.66667590      8.12882235
     11.32368074      8.09044123
      7.42787725      8.29303646
      6.60395781      9.61380674
      5.21235654      9.31203763
      6.90253993      8.48934982
      8.12340129      8.64872991
     13.09647566      9.96734669
     10.73718490      9.22750552
     13.26260671      8.58504511
      7.86454874      8.99112395
      6.60514776      9.47225781
      8.30924114      8.07906525
      7.65853372      8.03131709
     10.44781128      8.95704727
     10.53520316      9.55323305
      5.21614836      9.81385187
      6.48748059      9.83038725
      6.04903376      8.66765857
     11.14213767      8.59862700
      9.06290982      9.65740444
     14.01528286      8.91872570
     14.42838100      8.02968858
      6.56619855      8.67819553
     14.36959380      8.11639493
      6.35472972      8.18554704
      8.71282183      9.30346217
      8.21511225      8.79037323
     12.14964246      9.23986001
     12.29707777      9.65043998
      8.78592787      8.67815283
     13.28934407      8.61693594
     14.53664376      8.72184226
      8.08419254      8.82337144
     10.79740620      8.92189539
      7.33448872      8.76482597
     13.44403468      9.28623393
      7.58132467      8.48330387
     13.39743635      9.43135615
     10.37656276      9.71360368
     11.21570377      8.32788169
      9.90824719      9.46260812
      7.84842385      9.01983671
      7.35559182      8.56032832
     11.51379926      9.98611251
     11.07170340      9.52249367
      8.98145851      8.06543774
     13.48794692      9.41332112
     11.37616984      9.34417357
      7.58823336      8.18008418
      8.58830989      8.92238363
     10.61830112      8.52767693
      6.21468510      8.71098181
     14.78469386      9.44627695
      8.83206358      8.05458536
     12.20698758      9.16967953
      8.58264025      9.38849012
     14.09881572      8.22138549
     10.43687232      9.05251446
     14.59675397      9.98735378
     14.29472898      9.45250722
     11.33320848      9.52097474
      7.95608975      8.40723643
      6.74739564      9.72650544
     13.42578596      8.38499148
     11.18589654      8.17631937
     12.05892887      8.48256261
      7.42439936      9.82104643
     12.97961047      9.65971758
      8.91014013      8.15509151
      6.09959289      9.74295292
     12.53687934      9.11438034
      5.29797178      8.79437400
     12.00660789      9.99861955
     10.25203367      9.54003767
     12.52559824      9.57132303
     11.47677889      9.50679072
     13.71084763      9.12044161
     13.30721299      9.38884687
     14.57180441      9.75121816
      7.22267436      8.02867401
     10.79492795      8.57148260
     14.90760508      8.36265024
     13.39967354      9.61543124
      6.74805463      9.10507933
     12.09541751      8.97167823
      8.01550735      9.07347789
      5.25041554      8.09068588
     14.16739689      8.28767724
     11.88806571      9.56026116
     12.56757800      9.54124891
     14.32728045      8.31905738
      5.55009916      8.93791956
      9.98949945      8.32603220
      5.59498987      9.09770515
      6.71866095      8.61007588
     11.88362004      8.30883207
      8.06620539      9.15004202
     12.35190191      8.28817539
     12.52168416      8.38659399
      8.95721027      9.38215924
      5.87785027      9.90037653
      5.48962978      8.26282198
     12.79361895      9.41998837
     11.80776667      8.75946274
      8.11569962      8.79596177
     10.22764667      8.00201204
     10.05796469      8.82637927
      9.38526059      9.60762659
     10.87639278      9.75572873
      7.97325226      8.28157797
      7.94899573      8.08610268
      5.73784443      9.13129934
     14.74945738      8.11640378
     12.28162640      9.74270758
     12.58090388      8.68863255
      8.09176219      8.97966707
      7.46498324      8.56443315
      7.56887294      8.47712581
     11.18062761      9.09929568
     14.37788235      9.42774487
     14.92182415      9.80565371
      7.24819210      9.51474969
     14.47284005      9.07845192
     13.47785367      9.29184263
     12.00126323      9.55389944
     10.54444008      9.75803087
      9.41583902      9.20547783
      7.49181817      8.12303393
     13.97662755      8.87824166
      6.45729818      8.01741070
      9.34593620      8.59915019
      9.57376225      9.94700273
      8.09380535      9.91034202
      9.80924611      8.42657514
     11.89742675      9.34793371
     13.10798869      9.07230866
      8.92164416      8.71939559
      7.93148742      8.00274601
     10.75978060      9.69887270
     12.25341809      8.84294408
      6.42773338      9.49568998
      8.33555509      8.02328859
      6.60389795      9.22873666
     10.34594310      8.88887201
     12.23325307      9.32532166
      7.28180292      9.37749194
      6.99006444      9.87825250
     14.72619608      9.43346209
     14.93571377      8.90333140
      5.81952017      9.26901192
      7.50880655      8.44838830
      7.15848980      8.79632426
      6.95777119      9.66019529
     13.50265171      8.27802065
      5.44682351      9.51186388
     13.63921164      9.58597856
      5.67133730      8.45581233
      9.27317346      9.05617352
      6.37318838      8.27489983
      6.19087499      8.34790079
      8.05949546      8.29505978
     11.13237000      9.62001970
     11.63663294      8.50297018
     13.95910006      8.82011610
     12.53679378      9.91319329
     11.29870516      9.43947972
      7.20988004      9.67076801
      9.83837350      9.55366684
     11.15020375      9.07576709
     14.87658772      9.22257743
     10.59187617      9.38824591
      8.70884060      9.20136626
      8.37594724      8.19269739
     12.45425082      9.09839311
     10.69734901      8.58579306
      9.56136701      8.41171293
     11.48189674      9.68613041
     11.83596092      9.30299359
      6.70390518      9.92616644
      7.73066112      9.21991167
      9.40762489      8.80776260
      9.57722027      8.25722920
      8.95256673      8.27558644
     11.88334211      8.43024993
      7.98888710      9.04601933
      7.05227426      9.41945328
      6.92284270      9.04477782
      9.18999953      8.36891158
     11.90645254      9.72617739
      6.40555454      8.62860371
      6.43741260      8.00612949
     11.62463574      9.99915558
     10.75675202      9.76080075
     12.74950518      8.48754692
     12.75296577      9.08784484
     12.65354105      9.52198937
     13.76510719      9.36324444
      5.99213790      8.84262004
      8.34515649      9.18945984
     11.45093656      8.89290214
      6.31618144      9.88899823
     13.07543666      8.33270923
     10.41872321      9.94914450
      7.65752589      8.17382313
      9.58874992      8.30222458
     10.10925025      9.81980261
     10.04834293      8.41105613
     14.61773931      8.44308703
     10.50235170      8.26829167
      6.89628811      9.39489292
      7.01118911      9.95411701
      7.48737631      8.00567297
     14.70091405      8.98844114
     12.76392050      8.49531781
      7.72700448      9.80513490
      9.96950740      8.20863461
      8.98751590      9.55045959
     11.13296338      8.20916251
      5.85268659      9.24142717
     12.37002135      8.66866652
     13.62869235      9.95548203
      8.41035122      9.38385313
     11.94440819      9.65535827
     11.41883241      9.93625553
      5.85495613      8.55487719
     12.07984212      8.73210326
     10.92459638      8.30844865
      7.32786577      9.96181317
      5.75197839      9.86349370
      8.24335940      8.46855112
     14.13091495      8.24678487
      7.04286623      8.73244566
      9.52767728      9.67889255
     12.27173377      8.25158557
      5.28357973      9.97994846
     10.17029838      8.96002245
     12.67661286      9.92286764
     13.94364617      9.92107661
     14.44490069      9.50645565
      7.89806182      9.29119881
     10.31465804      9.32976814
      7.32825590      9.75858639
      8.12776621      9.45926777
      6.41521323      9.39255190
      8.42580872      9.06869559
      6.53528061      9.49761500
     13.49216424      9.65351968
     14.72050842      8.00825773
      9.40924031      8.44975886
     12.74441345      8.82822497
      9.56214320      9.25731850
     13.64500493      8.09750885
     12.27975098      9.32639983
     11.37335870      8.35566575
     12.24038850      9.16419958
     11.04212418      9.92206582
      5.26294175      8.57203609
      7.92765870      8.56008267
      6.97191708      9.75659801
     14.48662081      9.35396976
     10.31846173      8.47239623
      5.10359228      8.37282597
      9.52135588      8.12415605
     14.63582877      8.33376643
     14.86117964      8.42730737
      8.40913184      8.85333967
     14.59291393      8.19344664
      8.26708130      8.47003913
     12.04232901      8.25943251
     12.90447701      9.88578854
     12.23563651      8.67108534
     12.28955704      8.13955137
      9.45381914      8.98523410
      8.81779229      9.39331435
     14.22224688      9.48458998
     16.49684666      3.12164940
     15.85346016      3.54147754
     15.43485442      3.45072509
     16.45882704      3.68516014
     16.59383007      3.83395847
     16.11684663      3.93213747
     16.77083340      3.76648199
     15.76625145      3.59354550
     15.48159327      3.40472860
     15.63016651      3.99969874
     15.86580934      3.13471584
     15.09596522      3.36013956
     15.84815944      3.11287638
     16.47465430      3.63168092
     16.74557127      3.15591953
     15.61597430      3.40418531
     16.68663532      3.18541678
     16.63218417      3.68529136
     15.81360139      3.61260922
     16.72997635      3.24445163
     16.70450099      3.14472383
     16.02416418      3.71799566
     16.55282826      3.81986521
     15.98572009      3.11869970
     15.40970725      3.12675965
     15.89026175      3.28634315
     15.86710921      3.98675391
     15.10942513      3.24547466
     16.40099220      3.48913183
     16.83847448      3.02969454
     15.77802680      3.23496362
     15.49775658      3.45377316
     15.73269404      3.28838011
     16.99732737      3.71506641
     16.32415841      3.43590509
     15.35946904      3.61160815
     16.74475220      3.56198406
     15.48791505      3.34317263
     15.23278389      3.77158984
     16.63643905      3.49813598
     16.07128065      3.45379251
     16.97610746      3.69564662
     15.83261141      3.18146808
     16.61639602      3.44139037
     15.47987675      3.43675933
     16.94051630      3.05875067
     15.75263638      3.36885229
     16.26680098      3.43084688
     15.27379919      3.19865538
     16.53694490      3.39499578
